234
-0.2106
-0.1832
-0.1828
-0.1801
-0.1781
-0.1769
-0.1762
-0.1662
-0.1625
-0.1597
-0.1578
-0.157
-0.1563
-0.156
-0.1506
-0.1462
-0.1447
-0.1438
-0.1405
-0.137
-0.1292
-0.1235
-0.1232
-0.117
-0.1141
-0.1111
-0.108
-0.1067
-0.1063
-0.0973
-0.0947
-0.0929
-0.0924
-0.091
-0.0894
-0.0891
-0.0876
-0.0868
-0.0824
-0.0764
-0.0759
-0.0753
-0.0752
-0.0745
-0.074
-0.0739
-0.0682
-0.0675
-0.0665
-0.0648
-0.064
-0.0617
-0.0616
-0.0608
-0.0604
-0.0563
-0.053
-0.0526
-0.0503
-0.0491
-0.0456
-0.0449
-0.0439
-0.0429
-0.0425
-0.0425
-0.0399
-0.0388
-0.0351
-0.0331
-0.0309
-0.0297
-0.0291
-0.0258
-0.0247
-0.0228
-0.0191
-0.019
-0.0177
-0.0172
-0.0099
-0.0088
-0.0054
-0.0035
-0.0032
-0.0025
-0.0012
0.002
0.0029
0.0056
0.0069
0.01
0.0102
0.0102
0.0164
0.0165
0.0178
0.0186
0.0191
0.0229
0.023
0.0261
0.0367
0.0413
0.0419
0.0422
0.0462
0.0577
0.0669
0.0746
0.0852
0.0872
0.0884
0.0893
0.0895
0.0911
0.0933
0.0959
0.0966
0.0981
0.1002
0.1006
0.1019
0.1072
0.1096
0.1127
0.1136
0.1153
0.1172
0.1181
0.119
0.1205
0.1206
0.1247
0.1285
0.1322
0.1333
0.1349
0.1366
0.1384
0.1392
0.1399
0.1433
0.1441
0.1465
0.1471
0.15
0.1609
0.1624
0.1646
0.1729
0.1765
0.1806
0.1846
0.1901
0.1906
0.1918
0.1933
0.1989
0.1999
0.2116
0.2272
0.2276
0.2292
0.232
0.2446
0.2447
0.2481
0.254
0.2567
0.2588
0.2591
0.2621
0.2673
0.2682
0.2685
0.2688
0.2735
0.2759
0.2772
0.2794
0.2849
0.2861
0.2871
0.2958
0.2967
0.2983
0.2996
0.3055
0.3157
0.3164
0.3226
0.3371
0.3474
0.3551
0.3566
0.3617
0.3624
0.3662
0.368
0.3756
0.3794
0.3942
0.405
0.4087
0.4127
0.4248
0.4252
0.4348
0.4407
0.4518
0.4605
0.4658
0.4667
0.4822
0.5065
0.5158
0.5188
0.5201
0.5314
0.5535
0.5684
0.5808
0.5896
0.5944
0.5969
0.5983
0.6143
0.6151
0.6153
0.6193
0.7119
0.7267
0.7631
